6
7
8,18
19
2,15
13,15,16
17
15
12
6,7
10
9,15
5
9,11
3
19
3
3
14,15,16
12,15
5,15
5,9,18,20
19
6,7,15
16
8
11,15
15,18
9,15
3
4
15
7,19
17
12,20
13,15
2,6,15
11
3
6,7,15
17
6
11,15
8,16
6
8,9
7,15
10
19
4
12
1
9,13,15
4,15
7
19
8
14
1
14,15
1
6,15
10,16
12,15
15,16
3
9,11,12,18,20
12
20
5,9,20
4
14,15,16
15,19
15,20
5,15
15
14,15
9,15,16
9,11
17
1,15
5
5,15
7,15
19
10
9,20
10,13,15
13,15
16
19
12
19
19
6,7
15,16
5,9,11,15,16
13,15
17
2,15
7,15
7,15
1
8
8
13,15
16
19
17
1
8
1
17
2,15
3,4,7
9,11,15
2,15
10,13,15
10,15
3
15
12
14,15
20
9,14,18
15
13,15
6,7
3
9,16,18
2,7,15
2,15
5
7,15
5,15
14
7,13,15
14,15
1,4
19
2,15
5
2,5,15
8
17
1,7,15
7,10,15
1,15
14,15
19
9,11,18
8
19
12
2,15
4
14,15
11,15
10,15
11
16
1
9,11
8,15
16
15
14
20
6
17
14,15
6
7,12,15
14,15
9,15
2,15
7
4
9,18,20
3,15
5,9,11
15
13
17
7,13,15
12,15,18
1
1
5,9,11
19
8
7
4
8,16
2,6,15
9,20
13,15
15,18
19
5,11,15
12,15
13,15
2
9,15
5,15
3,4,15
9,18
4
9
15
2,7
14,15
9,16
15
8
14,15
4,7
2,15
4
17
19
15
11,15
20
10
15,19
15,19
17
17
10,15
15
3
13,15
17
7
13,17
1
6,7
5,11,15
5,9,11
5,15,17
3
8
13,15
16,20
15
17
19
15,19
20
9,15,20
14
17
2,15
5,20
1,15
14,15
19
6,15
7,15
4,15
8,12,18
9,20
2,7,15
1
4
6,15
3
5,9,15
11,15
3
8
8,9,20
17
12
6,7
17
16
5,15
11,15
14
1
15,19
13,15
10
6
5,14,15
9,15,16
11,15
7,15
6,7
2,15
15,20
8,15
19
16
15
14,15
6
12
19
7,15
9,15,18,20
15,16
3
9,11,15
3
3
9,16
8,9,15
16
13,15
18
5,15,20
15
4,15
12
13,15
12,18
13,15
19
15,20
8
9,15,20
12
15
9,16,18
13,15
9,18
16
4
8
13,15
4
3
7,15
1
10
6,7
3
5,15
7,14,15
13,15
8
9,16,18
9,15,20
10
11,15
15
11,15
9,20
12,15
10
12
14
6,7
1
7,15
9,15,16,18
10
9,12,14,15
3
7
14,15
14,15
8,20
8
10
13,15
9,16,18
2,15
2,15,20
15,17
6,7,14,15
3
12,15
12,13,15
8
1
6,7
9,11,15
16
3
9,18
15,19
20
5
8
9,11,18,20
4
4
9,11
15,18,20
12
19
12,18
20
19
12
3
2,15
5,8,16
9,15,20
5,15
15,18
13,15
15,18
5,15
14,15
11
5
8
15,16
14,15
3
6
7,15
2,20
8
13
3
6
13,15
12
10
12
9,11,15
1
8
7,14
4,15
15,19
10
5
20
12
7
1
10
7
6
12
9
3
7
9
4
3
3
14,15
9,18
12
8
7
16
1
15
15
15
15
15
7,15
15
15
4,15
6
12
15
15
12,15,18
15
9,12
15,16
16
15
5,11,15
20
15
12
8
20
15
3
15
16
7
3
8
15
15
15
8
2,15
19
15
16
5,9,20
7
4
15
3
3
15
15
4
11,15
9,15,20
15
9,15
18
7
13
9
15
15
19
12,15
15
15
9,15
12
13
15
10
1
2,15
15
15
9
11,15
2,15
13
15
14
3
5,15
14,15
3
15,16
3
8
8
3
9,12
9,15
5
10
16
12
15
4,15
15
18
4
4
12
15
15
8,16
15
13,15
19
14,15
4
12
14
4
7,19
15
15
14
7
15
2,15
13,15
15
15
4
15
7
3,15,16
15
15,19
2,7,15
12
3
18
2,15
2,15
15
11,15
8
9
15
9,15,16
12
12
15
12
15
15
8
3
2,15
2,15
1
15
2,15
4
8
17
8
5,15
7
8
14,15
13
16,20
14
9
7
1
8
15
18
15
3
15
8
15
8
12,15
18,20
19
3,16
1
13,15
9,20
9,11,15
3
3
20
8,15
3
5,11,15
15
14,15
8
12
9,11
8
8
3
6
11,15
7,15
8
9,20
1
12
14
15
15
15
3
7
2
16
9
13
1
9,11,16
14
13,15
15
3
20
5
3
7
4
15
4
9
12,17
1
15
8
15
20
20
8
13
7
7
1
8
13,15
14
5,11,15
10
7
13,15
12
5,11,15
15
9,15
2,15
19
12
15,18
12
15
7,12
11,15
3
14
13
16,20
20
4,15
6,7,15
10,15
19
5,15
19
3
10,15
12
19
2,15
3
16
6,7,15
1
9
12
1
5,20
15
15
12,15
9
2
2,7,15
15
7,14,15
4
1
6
13,15
6
7
14,15
14,15
13,15
9,11
4
15
8
20
12,15
15,16
15
8,18
12
7
20
12,16
15,16
6,7
4
1
18
1
15,18
14,15
9,11
6
15
13
18,20
9
7
1,15
4
15
1
20
4
4
1
14
15
1
7
9,11
4
4
6,15
7
7
9,20
2,15
7
11,15
18
13
19
20
20
9,11,15,18,20
7
14
15,19
2
14,15
19
13
14,15
18
13
2,7,15
17
16
19
3
7
18
11,15
8
11
5
19
9
17
13
2,15
5
19
13,15
10
1
13
4
20
2
9,11
14
14
10,15
17
19
13,15
20
13
19
19
4,15
2
20
14
6,7
5,15,20
10
10
11
6
12,15
16
16
15,20
16
7,14,15
20
5
6
7,15
8
4
1,15
5,9,11,20
16
4
10
4
5,15
14
20
9,15,20
4,15
13
4
19
8,15
4
17
14
13
2,15
13
6
20
12
16
13
9,15
17
2
10
8
2
2,15
7
8
5,15
2
3
12
16
5
14
18
17
5,11
11
9,11
12,15
13
19
10
4
17
11,15
12
1
3
20
5
1
7,15
1,15
13
17
4
2,7,15
7,15,16
4,15
8
17
17
8,15
14
4
1
18
11,15
13
8
3,4
9,11
4
16
19
7,14,15
10
19
6,15
5
19
1
12,15
6
16
19
18
17
8,18
3,15
14,15
4
12
1
12
7
19
12
10
10
9,11
7,14,15
3
10
5
4
8
9
19
5,15
8
5,15,20
17
10
14
1
9,11
1
6,7,15
9,11,12
13,15
9,11,15
14,16
12
8
17
3
1
12
9,20
8
12
10
17
9
5,9,15
15,19
6
6,7
5
17
9,15,20
1
5
13
3,15
5,13
11
18
18
7,14,15
13
15,19
6
1
3
13
6
17
14
11,15
6,7,15
5,9,11,15
13
13
13
16
14
6,15
13
14,15
10,15
14
10
19
15,18
2,15
6
2
3
16,19
5,9,11
6
13
8
2
19
9
12
1
3
17
19
14,15
8
18
9,18
13
3
5,7
1
20
2,15
12
2
6
19
5
1
10,15
18
10
10
10,15
3
6,7
19
2
2
4
1
9,20
12
6,7,15
6,15
13
13
15,16,18
4
4,15
6
1
20
4
3
6,15
2,7,15
4
18
8,16,20
3
15,16,18
7
6
8
15,20
8
5
2,5
13
3
10
19
16
10
9,11
1
3
17
8
4
15,20
13
10
19
8
7
4
13,15
14,15
10
18
15
3
10
12
1
7,14,15
4
12
5
19
3
1
12
14
20
7
4
17
13
12
3
8
15,20
12
3
4
3
15
8
4,7,15
1
13
9
6
9,16
9,11
2,15
16
10
3
8
12
15,16
14,15
10
18
3
10
17
6,7
17
8
11,15
7
12
14
2,7
3
18
8
5
3
9,15
19
7
3
3
1
19
5,11,15
19
20
3
7
1
8
17
8
3
13,15
14,15
8
2,7
8
17
16
19
12
7
4
3
3
15,20
5
13
5
16,18,20
19
2,15
13
3
16
12,15
15
3
2,15
13
18
19
7
14
3
15,17
9,16,18
7
17
19
6,15
6
5
12
1
1
6,15
19
9,11,18
12,13
16,18
8
7
9,11,16
5
4
18,20
20
3
17
7,12
12
10
10
15
6
5
3
17
16,18
20
13
7
10
10
3
12
7
13
10
5,15
19
5
14
10
10
6,7,15
7,14,15
17
3
3
19
8
19
12,15
19
2
1
14,15
1
4,7,15
9,12,15,18
9,16
20
5,15
14,15
7
18
9,20
9,11
13
12
10
3
15
12
1
12
10
9,11,16
2
5
8
4
6
12
4
10
20
5
19
9,11,16,18
5,20
15,16
12,15
10,15
4
5
1
3
9,11
7
6
8,16
10
19
5,15
14,15
4
1
18
2,15
4
5,15,18
19
5
8
14
16
12
1
3,20
9,11
12
20
5
7
20
11,15
19
1
4
10
1
8
2,16
9,15,20
8
8,18
13
19
5,20
17
7
14,15
5,7,11,15
1
11,15
2
14,15
5
15
16
4,15
6
19
10
12
2,15
9,11,15
2
4
15,18
3
14,15
19
9,11,18
5
10
1
2
12
2
14
6
12
2
12
17
5,7,15
3
19
6
19
9,11
13,15
15
2
4
2,15
11,15
12
3
7,20
7
19
3
10
6
12
5,11,15
13
9,15
19
3
4
9,11,16
5
2,15
4,14
20
14
10
7
20
6
16,18
10
14,15
7
18
18
6,7,15
3
2,15,18,20
8
17
11,15
1
8,16
6
4
12,18
13,15
15
12
6
13,15
8
10
8
1
13
1
12
16
14
10
9,11,15
20
3
2
5
9,15,18,20
13
8
8,15
3
12
10
19
9,11,16
2
10
9,11,15
3
12
14,15
17
6,15
3
9,18
12,15
8,18
13
14
4,15
9,11,18
7,17
4
9,18
10
16
15
15,19
9
15
5,9,11,15,16
5
8
7,14
19
12,16,18
4
18
15,18,20
10
1
5
7
6
3
19
14,15
6
1
6
12
9,11,16,18
8
1,15
7,14
18
9,12
7
13
8
12,15
3
20
4
3
2,9
3
5
12
6
12
7
1
1
4
14,15
1
5
3
9,15,18
9,18
8
8
19
6
14,15
7
6
13
19
14,15
17
6
2,15
9,11,15
6
2
3
8
4,15
9,11,15
3
9,16,18
4
15,16
9,15
13
1
1
14,15
16
18,20
12,15
13
9,11,15
1
8
5,11,15,16
12
15
9,11,16
14,15
19
7,15
2,15
17
12
4
1
19
13
3
15
9,11
19
2
8
8
8
1
5
14
13,15
8
19
6
3
8
14,15
3
3
13,15
19
5
17
9,12
13,15
7,8
10
2
3
7,14,15
2,5,15
4,15
14,15
12,15
8
17
5,15
16
6,7,15
12
7
8
11,15
6
17
4
12
1,15
3
5,15,18
8,9,11
4
16,18
1
17
20
16
3
2
14,15
7
1
8
12
5
10
17
1
7
8
5,9,15
10
3
7,15
8
7,15
8
4,15
16
1
5,6,15
5,9,18
1
7
2
9,12,16
8
13,15
8
4,15
6,7,15
8
2
8
5,15,20
12
4,15
19
15
9,20
12
3
3
8
3
17
6,15
13
1
4
12
4
10
3
14,15
8
7
3
17
1
10
10
17
3
1
1,15
4,15
7
3
3
8
17
19
3,15
12
5,11,15
8,18
15,19
12
17
1
8
2
13,15
8
2,6,15
15,17
2,7,15,16
8
14
17
9,11
12
12
12
12
8
14,15
18
13,15
8
8
8
2,5,15,20
19
12
8
12,15
6,7
1,7,15
5,8,15
12,15
1
13
8
2,9,18
19
17
8
7,14
17
7
20
12,15
11,15
17
9,11,15
8
13
17
15
6
6
8
8
13
10,15
9,15,16
12
6,7
7,15,19
15,19
20
7,15,18
12,15
16
4,10,15
3
5
8
9
7,12,15
5,9,11,16
13
20
12,15
8
2
14,15
12,18
8,11,20
12
15,19
12
18
7,15
3
5,7,9,15
10,15
12
8
2
9,11
7,15,17
10
17
2,5,15,16
9,11,15
20
17
7,15
8,15,16,18
10,15
3
8
1
4
15
13,15
9,15
1,6,7
6
6
12
17
7
14,15
10
14
8
8
1
9,11,16
12
8
7
7,15
16
12
7
10
14,15
6
9,11
8
5,15
3
5
5,7,15
12
12
8,9
12,18
8,18
1
2
9
4,6,7,15
12
19
12,15
8
9,15
8,15
12,18
15,19
13
2,8,9
19
10
2,15
16
17
8,10,15
8
12
2,15
12
8,9,11,18
9
19
12
6
9
1
8
7,15
12
9,20
7,15
3
19
12
1
15,18
8
7
12,15
15,18
5,9,15,16
12
2,15
1
2,5,15
3
12,18
3
2,7,16
1
1
17
9,11
3
9
8,18
10
12
4,9,16,18
14
8
7
10,15
15
17
12
19
8
7
2,6,7,15
9,16
9,11,15
12
10
3
1
13
7,15
10
19
8
9,15
3
2,7,15
7
5,8
3
1
12
19
14
9,11
13
6
17
4
5,11,15,16,18
4,15
9
16
8,9
12,15,17
8
1
8
19
1
5,18
1
7,12,15
8
8
7
3
6
5,8,16
1
2
7
3
7,15
12,15
8
9,12,15
4
4
2,5
1
8,9
14
8
17
19
12
8,9,11
8
7
15,18
4
14
5
8
1
2,15
3
2,16
17
8
5,15,18,20
14
8
8
19
2
12,15
8
6,15
7,15
4,15
10,15
14,15
9,15
17
7
10
5
14,15
8,9,20
1,15
8
10
7,14,15
3,6
14
9,11,15
9,13
8
8
12,15
16
1
5,9,20
15
12
7,15
19
8,15,20
15,18
4,12
15,17
13
5
5
8
9
12
5
3
3,15
15,17
7,9,15
10
6
12
6,7,15
12
10
4
19
12,16
17
14,15
15,17
1
16,18
8,12
9
14
4
4,15
9,18
10
12
9,18,20
8
8,15
9,11,16
5,15
13
20
8
12
12
8,16
1
14
7
3
15,19
3
8
19
3
7,15
3
8,9
3
11,15
19
6
12
17
1,15
8
2,5,15
6,15
7
8
3
12
6,14,17
10,15
13
18,20
16
4
8
12
3
10
8
12,15
4,14,15
6,15
6,7,15
16,20
8
7,9,15
8
3
14
4
5,12,15
8
3
14
7
14
20
6,7
10
13,15
14,15
5
12,15
7,14
8
19
8
8
17
12
3
1
12
5,15
6,15
8,15,18
9,11,15
8
19
12
8
5,7
2
12
20
7,15
4
19
8,15
1,7
17
14
15
3
19
18
20
9
9,11
9,15,16
5
9,12
17
8
8,12
9
8,20
2,15,19
17
9,15,16,18
9,15
7,14
2,7,16
15,19
14,15,16
1
1
7
12,15,18
8
13
10
4
16
7
5
1
9,12
12,15,18
12
7,12
17
1
19
2,7
5,15
9,15,18
6,7
5
12
15
15
5
3
10,15
18
19
8,9
3
1
12,18
16
3
9
18
6,15,16
15,18
3
19
6,15
12
3,10
15,19
3
9,11
10
4,15
4
6,7
1
6,7,15
7,15
6,7,15
3
15,19
4,7,15
19
19
7
18
6
9,11
8
1
8,18
5,9,20
13
20
2
8
12
4,15
17
5,15
12
2,5,15
14,15
3
18
16
8
15
1
3
7,15
14
19
19
13
12
12
3,10
18
6
4
10,15
9,11
12,15
2,15
2,15
13,15
11
9,20
14,15
14,15
15
17
15
15,18
14
14
7
8,9
3
5,15
5,16
8
15
13
8,15
8
1
1
1
9,11,15
8,9
6
3,15,17
13
5,9,15
1,15
1,15
6,15
13
19
7
3
5
15,16
19
5,11,15
6
8
13
15,19
8
7
16,18
12
6,15
17
9,15,18
10
15,19
6
11,15
9,15
19
6,7
1
1
8,9
3,9,11
10,15
4,15
19
9,16,18
7
12,18
3
10
3
1
6,7
9,11,12,15
19
3
8
7
11,15
6
9,15
17
15
9,18
1
6
9,11,16,18
15
3
3
1
9,15
3
15
6
1
6,15
2,15
10,15
8
6,15
7
10
9,15,18
5,9,11,15
4
8
8,18
8
4,15
19
15
9,15
16
1
2,7,15
12
3
10
9,11
7
15,18
7
10
4,15
16,18
12,15
13
16,20
15,20
12
6
1
8
3
14,15
8
10
15
4
15,18
17
9
12
9,11,12,16,18
16
3
12
1
1
15,18
3
15,19
20
15,18
3
15,16,20
3
3
9
18
12
2,7,15
4
2,7,15
17
12
9
4
2,7
11,15
5,12
14
12,15
2,5,7,15
1
17
12
9,15,18
10
2,5,7,15
15
2
12,20
17
9,11,15
1
2
7
6,15
2,15
3
15,19
12
15,18
3
9,12
12
7,15
15
15
7,14,15
1,15
9,15,18
13,15
9,15
16
5,9,11,15
12
19
3
19
8
9,16,18
12
7
17
6
3,17
5,9,11,15
5,15
3
1
9,15,20
15,20
1,15
19
15,20
19
3
5,15,17
5
15,18
5,9,15
3,4,15
2,7,15
12
5,15
7,15
15
5,9,15
9,18,20
3
2,20
17
1,15
8
9,15
2
3
12
13,15
18
4
3
15
7,16
15,18
1
5
4,15
10
18,20
10
5,11,15
1
6,15,19
15
9,15
13
9,18
6,7,15
4
1
15
2
9
7,10,14,15
4
3
5,15,16,18
7
14
5,9,11,15
14,15
13,15
9,16,18
6,7,15
7
15
3
19
12
18
13
19
16
8
15
5,15
15,20
15
12,18
5
