1578
395
1183
2212
1954
2658
1036
983
1569
259
1405
2442
2577
1337
875
1777
1178
236
2002
2627
412
2402
2105
1283
2519
1526
796
462
495
178
197
1192
108
1832
720
561
368
153
1619
1287
1690
949
1725
819
959
1356
1301
1029
1620
1290
316
1852
1692
2707
2564
986
394
2011
1369
2641
569
2132
2130
321
1797
844
2097
2172
1788
2606
2434
2293
77
1754
251
2618
2171
1965
1476
1227
2677
246
94
801
140
2601
1580
1436
2373
1572
1966
1535
2708
289
1289
1911
1556
560
699
790
2082
2145
1573
2046
1117
2568
2486
2345
2312
1440
2698
1393
503
369
853
1233
601
239
1
1345
2139
732
863
281
104
1916
1327
392
1508
988
406
1129
1650
2277
500
479
2535
1981
2607
2052
1685
2592
917
40
715
1608
2464
2496
2406
2554
1009
1530
1837
2235
2674
2004
622
1861
2141
1733
1095
2066
1106
2062
1515
1258
2488
573
2467
1658
1989
2335
1698
2170
327
810
1631
2238
1245
1060
1521
1338
794
2690
2428
256
1588
2085
134
2330
2069
739
1394
566
2374
1985
710
1484
976
1757
1669
164
978
2560
1770
2317
154
1812
1975
746
2283
2319
2384
833
424
847
29
2196
1808
1217
1151
689
1859
1999
1342
386
390
1386
1291
1488
1280
1013
1073
401
694
937
2566
1804
1760
2683
163
1371
2409
547
1860
2377
1625
2026
1426
2301
45
1145
1348
260
1407
1091
1675
980
1215
2685
2131
2034
482
1487
1712
437
2662
234
953
999
593
1955
2261
2220
218
2382
113
1599
384
804
461
1699
1990
1976
906
1162
1483
1933
1819
578
1513
2138
2135
2697
786
2386
1037
1611
2701
2179
1607
1903
2155
2282
1064
1713
1704
2237
2265
2054
927
273
1668
2101
217
1536
1906
2359
1062
1996
2297
2596
1543
616
816
935
921
1634
203
832
700
39
2221
736
403
2127
2587
1061
2092
1621
382
2070
1499
2322
787
1734
1132
95
1948
2549
226
523
2671
1255
2031
2565
336
2157
2485
2700
1219
1352
773
440
2692
2008
718
2598
2254
25
2341
2362
1416
2038
1632
2318
459
1093
2506
2352
609
673
750
1076
57
250
1025
882
268
1796
330
1042
2168
633
2437
1703
2431
967
2614
2508
1343
2009
734
865
2309
1802
1307
1112
425
1775
1442
1784
1300
1370
1719
391
899
2389
1161
1190
2525
1739
211
63
1613
61
288
110
1823
341
1493
2079
1378
1560
1166
579
46
551
898
1364
2629
1603
806
1568
2199
2595
701
793
2450
484
1099
292
1261
599
473
1728
2323
1212
1273
2324
1140
1951
1240
240
2572
2203
2370
2517
918
631
1228
2668
149
1524
1206
2415
747
608
267
1452
285
1017
1468
2017
2185
1895
498
1723
855
864
1480
585
265
1066
1664
1862
2515
2227
1522
802
1471
861
1269
1743
1639
2152
1005
1223
1052
1169
507
639
2191
2537
2611
1396
1466
2226
2680
2559
711
1362
1904
2567
1507
2048
982
1278
328
1866
12
2591
797
2478
1735
591
828
1993
317
1736
1392
1596
487
2355
885
1105
2661
891
2390
1537
296
2300
457
1867
886
1266
396
627
2016
1666
1842
1137
2118
1514
1313
685
2672
494
2675
1643
1655
2241
1742
838
559
1185
1092
33
1836
1158
2215
1554
7
314
2691
1676
843
1970
688
1032
2546
1992
1265
2072
903
2639
2686
2558
546
692
2500
2585
888
772
2013
2358
429
1562
2256
1353
237
1180
1320
1615
1133
467
185
2024
2208
1189
1176
397
2327
2490
2281
47
798
422
1741
443
232
2037
2284
2651
1684
2047
1670
62
222
1449
1284
1363
2615
2643
2379
598
1750
2688
2001
2311
1919
1167
1793
419
2061
902
177
303
238
2183
1686
162
1821
2266
1346
1122
2634
807
596
780
85
408
2504
1706
911
2693
2503
96
1571
1717
1519
1624
64
302
101
160
1003
933
1318
1826
2533
1962
1564
2231
1689
2663
1317
1022
2463
351
893
2532
580
1401
2456
1678
2381
2529
17
2656
1932
2316
159
20
2320
1876
2074
1408
695
2453
1646
2325
646
506
1102
187
670
1595
349
1711
2219
2211
2571
1585
1870
950
15
331
1982
280
2342
2015
707
357
124
582
1533
651
374
544
1163
88
2394
1044
2290
248
1853
1231
1373
742
202
2650
1016
2689
1410
837
249
2279
380
74
32
2544
655
463
2173
1359
649
2161
2190
1616
2043
782
2244
1912
541
227
138
738
485
1375
1888
2022
516
813
1242
78
2107
533
2006
2156
826
1984
658
233
943
1800
1649
0
1969
1116
2288
2369
1805
84
756
926
1127
2229
1460
1972
2019
2678
1751
2552
687
2669
2593
2129
235
455
2165
196
2501
2666
2250
117
1018
284
1007
2346
737
5
887
2310
672
1204
842
2028
1758
895
276
468
880
866
873
1504
1148
1953
1380
1856
367
2285
2147
499
1896
1769
2303
1216
30
939
471
1447
1638
1601
1123
2423
1640
2405
925
114
56
2273
2036
2562
884
1582
1946
4
674
705
2259
2197
2543
2712
1234
1485
963
1809
640
1351
822
291
2315
496
388
765
1528
1276
2545
1998
1776
2276
721
1075
205
442
1503
2271
99
698
2133
2230
996
1641
683
158
1575
373
490
1778
2710
1302
513
785
1096
535
2646
909
1925
1172
869
1681
1001
219
2148
208
2050
1069
1249
830
1902
435
2372
1263
131
2202
2340
2049
1937
1882
1477
2144
565
264
428
481
1593
446
2204
65
1963
1851
210
915
454
1897
1661
136
44
1377
489
23
2329
348
731
2388
666
636
2513
2524
1511
451
2090
691
2209
147
2270
1721
2181
220
488
181
1762
346
1118
2447
371
2521
1548
2308
2682
1918
1259
2053
1773
562
889
1421
923
135
416
1744
103
1464
896
1943
2704
277
709
954
1046
139
1979
1361
1402
2489
231
518
1247
1929
1810
2339
2660
1935
603
2225
438
567
564
474
1424
905
697
1714
2159
116
2474
1121
356
1188
1840
840
1977
1949
2163
2033
306
18
431
1941
754
1243
340
1055
2361
979
900
1701
789
1813
475
1688
1598
2160
1413
2295
50
628
681
912
2527
1708
2222
2479
1863
1187
1114
441
1872
2510
981
1232
173
2063
1745
1196
2201
2652
1818
70
1047
1455
713
770
1576
1186
350
189
577
1078
2436
625
174
2448
2032
1341
1325
1205
1475
1518
2
2307
146
53
1525
1376
152
1054
1905
209
2440
80
1637
1834
1214
2432
2351
1296
458
2039
2640
269
426
130
781
186
1644
67
1210
1173
2122
1827
1262
444
2260
1833
421
1783
1617
1260
1794
550
2401
553
1398
21
1170
1534
1759
2363
606
1288
2626
883
1113
2232
2471
1033
1991
1412
850
656
2380
563
549
743
1256
1199
665
2696
1038
194
1207
1438
1379
1766
1874
1333
1067
637
2451
1330
961
376
1652
1926
990
2099
307
1153
1486
1772
659
2348
1109
1636
1236
1520
1221
617
176
1656
170
1489
2109
1510
704
1774
1540
1119
2291
1441
1968
72
188
361
2487
2470
960
223
1048
1898
2570
195
2257
654
1914
198
942
2684
643
818
216
1875
1857
2505
529
221
1039
1635
19
2574
166
536
2098
1587
2007
748
275
914
1831
2294
2538
171
2364
1817
744
568
2699
434
1697
332
1764
150
1492
1270
338
2575
2200
112
2597
2108
2086
404
1160
1700
2654
1871
1315
2314
1450
26
764
1354
2305
1100
1425
2055
809
423
1887
2023
97
167
2534
1907
1074
1974
1789
1467
820
2264
1456
1938
2223
1663
334
1304
172
2419
2378
1786
1220
2551
1627
1019
1727
311
1763
2679
497
1674
2247
1411
1820
156
370
702
1072
677
1271
1298
668
432
1660
614
2617
407
2547
1884
427
1344
1453
483
539
1880
1056
1509
545
2142
2356
83
100
106
1323
1651
1134
1830
1864
2631
2136
2531
1432
676
936
1705
722
313
2469
920
775
2420
2251
815
295
2280
1035
1136
1462
1381
1316
385
402
647
107
1630
1334
272
35
6
2178
1226
1479
91
1987
660
1126
1971
1765
2580
1886
439
75
1335
592
1135
2240
1070
2628
398
827
771
1877
1474
1012
1531
2167
335
1730
1322
1253
2376
1321
1395
1089
877
1626
1305
2084
1008
779
1139
2659
143
2530
224
1241
323
409
2005
1505
1182
355
1130
766
2511
87
1761
1555
588
1286
2528
2709
309
945
831
1446
1347
755
1498
602
1414
1618
964
778
1175
1458
2613
2111
1696
2121
1873
2711
2645
2516
528
1224
2184
1085
2113
1869
2588
2523
2416
2125
2176
287
1927
2387
620
1561
1787
910
531
2400
2354
548
142
24
1235
372
405
456
2042
1838
1501
2093
1368
1211
271
2177
2298
987
1203
261
297
1087
155
989
2573
1244
329
375
417
938
515
1551
11
1357
530
184
2140
68
724
615
922
2429
2065
1390
1024
671
144
2258
2509
145
2703
51
282
583
66
1677
2603
1470
1108
2687
1415
1648
2057
1088
466
1459
1367
1049
58
540
1010
243
2702
1726
2636
445
1399
1749
860
1443
1527
2705
2403
2540
1844
1565
862
1500
930
1592
543
1275
1451
1004
1868
2321
657
2286
2612
595
1309
1908
2633
1899
1934
1945
1622
1707
1579
1385
476
241
1023
1472
2422
299
2100
1417
120
148
2195
387
763
393
2088
1738
414
344
1845
2336
2465
2186
448
1332
537
2632
2482
693
1709
618
2526
1297
1490
228
1885
534
27
811
814
946
1366
521
2224
1691
1956
342
1294
1544
2095
1557
1605
1295
1850
213
931
2030
192
2542
1983
2430
2188
242
777
92
1848
319
808
934
1041
501
1128
493
2332
2040
1152
2445
8
1230
2120
2383
49
2239
1397
1257
2287
2102
519
758
1079
420
586
1478
1107
2245
2695
2365
1720
2096
1015
1890
2268
1647
1429
1753
626
2302
1995
2027
2182
783
932
851
2051
706
589
1889
1915
1097
81
2491
1110
2602
2003
2154
1672
558
359
1950
1865
612
1829
2439
1372
581
2218
803
452
2548
245
2123
664
1292
1423
725
1358
1043
324
2449
169
2206
2210
944
286
2483
1404
1767
800
266
206
836
962
2475
358
1731
1855
1928
1811
2480
157
1350
645
1282
1659
2116
1406
1365
1027
2044
1542
1606
712
762
1277
663
1959
125
1094
1612
1303
621
1355
254
1917
2421
449
322
956
2094
1433
115
2106
992
1740
353
1964
1391
2248
2189
165
1274
1900
1387
2644
230
2216
225
2234
1546
795
1737
415
1165
973
2681
768
769
951
1331
1028
1339
2647
1144
98
1239
1057
1083
215
1973
1893
1600
2460
2010
1306
1427
1807
151
1604
1084
928
193
532
972
868
690
1336
1673
872
1065
1563
2459
1383
279
141
1881
2468
255
161
2328
1202
2462
522
1752
2583
175
2458
1590
1642
2579
947
71
788
2278
1780
538
2635
1098
594
343
1194
1285
2243
977
1892
212
325
919
1154
2555
337
680
2413
1910
229
520
262
1213
1142
759
611
1201
966
958
901
2119
2267
347
1389
1174
728
2557
2426
258
1577
2399
514
619
2306
1420
1272
2624
2018
1419
761
554
2396
2371
283
2600
1011
1710
2368
1168
696
571
2344
2214
630
2080
1921
1063
610
1729
2014
970
86
2441
214
2091
126
641
318
556
2673
675
1552
1694
2124
1654
2393
2246
1068
2507
1208
2292
2622
413
1400
1835
510
36
916
41
890
740
1439
849
733
1059
1791
817
1846
200
1529
1839
1785
1847
1930
1229
1815
1771
1849
572
2228
1409
1090
2334
308
1209
1086
1803
129
2473
1988
93
2414
2569
2175
1340
642
2616
1967
2128
2582
1883
1120
1523
2233
1584
274
2623
1264
253
190
364
2435
1944
714
383
524
1602
1801
1251
278
971
1671
90
2193
1589
2484
2349
2520
1463
2067
757
2477
1781
2134
1747
1541
492
965
512
2455
871
2550
1141
517
1428
82
957
1924
667
908
2604
1516
856
2522
2331
1958
119
2443
652
1268
1324
2126
717
729
1124
1506
2252
774
1547
1913
1623
613
1050
2625
650
2353
570
555
682
2594
22
574
366
678
2638
1181
1779
2217
2433
360
263
653
2621
2410
1645
2110
1034
1718
508
2561
1570
1680
1403
2289
1053
1614
400
995
2253
2536
1566
1384
638
1382
2499
998
2497
1157
852
252
1978
1683
968
1014
607
2149
1002
2347
2366
605
1748
2060
2343
2454
2655
180
1512
1218
576
1878
907
1628
2518
993
2427
2064
997
2563
1799
1448
1960
2438
1111
2541
2296
1184
1702
955
2397
897
1200
874
1961
1267
1843
123
1792
784
1445
199
1497
1517
1825
2412
1909
557
913
1312
1980
1146
1716
16
542
839
526
2021
1293
1482
389
719
2481
1502
1732
767
1299
43
73
1782
2512
133
2589
2425
504
881
79
735
1006
597
1319
1308
846
1494
1756
1695
38
1454
1254
204
1894
2137
2706
2375
1197
1814
433
480
2605
1193
1444
464
2492
2457
2035
1149
1920
2081
2304
257
1539
2630
2493
450
34
952
201
2075
1481
870
31
1939
365
2263
1594
478
247
841
2166
509
1473
2073
634
1633
2498
2408
1922
1279
2158
867
381
1131
948
892
994
2089
1418
1326
2665
1997
1422
2642
1806
1435
2077
1952
315
924
1103
132
686
48
491
111
2338
469
859
726
1329
1790
1583
2117
2187
760
2146
2584
904
418
1250
1374
1755
3
102
2657
453
1609
109
2162
1281
751
2586
270
294
940
2274
1222
984
2539
2180
1495
304
1549
1558
105
55
472
1058
2056
1687
399
2012
2608
2578
1030
1101
2143
1947
1824
1538
447
1798
2104
2676
2694
2326
845
1629
378
1430
2610
1841
168
527
1724
2360
430
791
857
244
2466
2213
1693
753
2411
2576
2514
584
587
2407
2637
604
52
191
502
648
465
411
834
127
2461
1125
703
1891
1940
1155
975
1567
1177
1957
600
60
1077
2398
59
2041
1156
799
745
2653
2472
1328
1722
2452
2087
2446
511
623
525
477
1195
10
352
2333
1311
2020
1574
1040
1252
76
2670
69
470
749
2262
2058
552
2648
2272
2299
182
2502
2275
624
1550
2444
362
1816
9
2236
985
590
54
632
2255
2083
1553
824
2313
1457
792
848
2153
1746
1081
1080
37
1665
28
1104
878
2029
290
2667
13
1931
1854
1795
894
2590
1238
2045
974
377
2249
1610
752
1115
1179
1653
821
345
89
1360
1246
1586
2205
2649
1662
2071
2174
662
2337
1491
929
2164
635
301
14
2417
2112
122
305
2242
2194
876
300
2424
1071
1225
179
363
1545
2581
644
379
2151
2357
2599
776
1031
2000
2269
1559
1248
812
854
1164
2392
2476
1986
2350
1461
118
1045
2103
1496
1858
1768
2494
741
2609
1657
333
2404
1051
2391
661
2115
1138
1000
1437
1532
679
2495
1667
2664
2418
708
1349
2553
823
858
835
339
1147
2150
2395
1388
1942
879
121
207
1191
1431
969
2620
2556
1237
1469
505
1679
1822
2198
829
1171
312
1597
1828
1434
2192
1143
1314
1020
2025
460
991
1159
1879
1682
1936
629
1198
2068
1310
326
436
320
42
2076
410
1150
2207
723
669
128
1021
1923
1994
1901
727
1581
941
825
1715
1026
486
183
137
2619
310
2169
1591
298
730
805
2385
2078
2059
716
575
2367
684
293
1465
354
1082
2114
