196
761
764
2371
317
363
2142
624
716
1210
512
2083
1879
1815
1912
1742
1714
446
2605
1366
1368
1832
665
842
514
2090
1798
1445
2346
1877
445
650
2661
879
1362
906
1952
259
2546
1633
2674
181
2002
300
1462
668
1054
208
97
2073
1564
2320
2686
1810
270
893
476
1
190
1410
2592
1806
265
361
774
191
401
2404
1781
757
489
918
1476
2552
880
1621
864
1973
973
2460
870
1481
2230
2241
923
883
1449
2167
1026
742
2201
1473
302
618
374
2025
526
346
1238
2076
2413
523
1252
1087
2281
735
2188
2094
972
2097
180
937
945
227
599
685
441
2628
2572
1852
1306
996
865
766
728
437
2331
1489
372
1684
420
952
666
1524
1063
84
119
855
1274
794
2520
2319
418
2531
2128
1347
2530
1355
2390
1711
1153
1906
897
2485
2062
1478
1401
872
1663
1909
238
116
936
1940
954
94
100
384
321
2519
1523
519
540
2003
1474
684
507
1609
884
2176
1103
1907
442
229
1369
1794
1873
282
1777
2306
404
484
1608
1635
902
1783
671
411
2578
1746
7
1186
2372
1081
2286
852
2594
1243
343
1495
2540
2708
2238
1891
1606
750
1184
1787
45
2445
36
1408
1407
626
2197
1439
2213
1790
309
2226
898
2227
1968
1468
1928
2141
905
1850
602
522
700
2056
76
1754
1512
628
269
1599
2524
333
1587
1225
6
583
49
2507
1053
574
1065
2279
2492
2318
1373
721
1107
1601
1397
2038
1325
1424
1094
251
1975
1583
707
2196
1504
1572
337
1644
38
589
759
2374
1389
1257
182
1614
968
2165
258
1253
2154
407
820
500
2527
307
2105
712
1422
617
989
1339
2337
638
416
1971
2385
152
702
1119
2260
2483
121
1518
2508
2204
1944
1580
773
1500
1310
1511
561
1881
301
538
2683
2129
2198
805
1605
2615
139
1526
1309
11
1437
511
776
569
467
736
2067
1792
2087
1814
770
985
698
279
2393
1234
1358
20
2610
2065
966
572
424
375
930
2325
323
1155
110
2112
1178
2307
2576
680
1530
1372
2433
1278
1375
1538
2706
2647
1556
1133
1631
1838
366
1117
2311
2600
1722
281
1793
544
667
1283
1193
2549
993
977
430
1430
1640
1809
382
1943
2194
1513
2037
1692
1144
670
1894
1260
1199
133
435
2421
1038
1131
1277
2285
981
2477
809
2143
79
2511
212
498
546
1992
1145
1000
647
1574
1320
252
1537
1724
2450
559
557
345
2
1396
310
1456
2155
48
2268
1228
1649
2040
2613
219
244
2630
1627
2488
351
1259
2086
2523
2070
1770
2396
1529
1673
2567
448
1812
558
612
1860
634
2193
2297
1291
1069
2138
1869
126
235
290
112
494
1678
2168
2116
1082
78
1517
2018
2139
179
697
130
608
935
2175
934
1007
1031
1179
2328
1301
1022
1493
2502
2064
2543
1950
324
105
2303
709
239
1014
609
1962
725
2291
2633
1676
2084
938
1655
551
2664
2461
4
845
125
461
1303
1171
1046
521
601
1485
1215
1222
1693
1602
165
2347
1920
2411
2288
170
1991
679
1237
1859
2055
1800
31
1932
2466
1899
2518
386
847
2335
1802
2539
1882
1938
615
812
2059
941
390
831
2408
2366
1784
1780
2587
1534
1594
475
921
1346
2663
963
826
2117
1188
1498
1876
2382
355
1379
37
1056
940
1409
1305
2014
2309
91
2665
654
2092
2551
295
1281
2704
1132
1550
127
1761
35
2484
2012
2222
40
2392
2095
2506
729
1521
318
1923
59
2459
1415
899
1989
1363
2671
566
1098
2635
406
2081
1264
1775
385
1974
1440
2156
2436
606
664
2679
286
280
875
1209
428
1043
1078
974
175
525
272
1816
1590
2617
2423
1659
571
1681
213
1890
1853
1435
1058
2589
1505
54
92
1402
344
408
2304
816
567
1341
1741
1299
2399
1695
2078
2381
1752
159
888
202
14
481
946
2703
2253
953
1304
2219
77
1376
2246
106
2673
2383
548
2261
868
1908
1698
2419
1470
146
2096
2446
1665
2397
1357
1872
2684
358
2644
2559
266
1804
907
1700
2136
1680
555
1465
23
2426
268
2556
199
1870
2616
1181
909
2135
1851
1845
2357
2363
2068
1616
844
1963
1976
156
257
2521
1161
2425
1135
1713
2358
50
1219
1677
1648
2626
371
1607
917
1158
1350
1457
821
449
2354
80
2044
2698
2386
2407
201
240
694
672
780
1180
1436
1480
2329
2199
187
1294
2463
2021
1192
1027
206
394
990
1561
2133
1576
1159
267
1553
1728
1208
1834
539
364
1629
2099
1427
2308
2009
493
186
2666
2650
2491
997
506
2577
2054
1035
2360
730
1541
250
2601
597
131
1064
1316
1568
47
676
1889
34
221
1463
2634
350
425
1032
2140
32
1939
881
554
1552
850
1112
1360
2474
2496
2338
447
2472
1977
2368
1626
2028
2224
2573
2185
841
769
1726
1757
56
1287
817
1381
603
287
2008
1959
892
1483
1377
63
1328
810
2677
2182
354
1448
2208
2554
1354
2457
1097
1331
1508
2089
1947
2631
518
2036
861
1453
1344
1126
1071
1543
2162
2621
1611
1190
1902
2655
1134
1429
2375
1263
2049
2221
2066
2490
158
95
2100
1055
2257
1766
2195
271
2323
1729
2327
320
640
553
64
931
2608
1111
203
772
1425
689
843
2501
1964
2468
1203
1033
1818
2251
683
1288
174
2712
255
756
2536
1302
1146
1268
1085
2632
2274
2611
2234
2106
1725
2584
760
2533
975
1156
387
1808
452
1651
1329
2293
1332
834
458
284
2104
2550
451
531
471
1566
2597
818
1654
2074
1385
2627
2148
135
625
2041
57
103
2465
2151
1826
1292
928
1162
1482
2541
1239
2418
1697
1198
1765
1191
2122
1466
2656
2689
1536
661
2150
2697
503
837
585
83
2207
2057
2512
1878
950
1769
994
52
365
215
1836
1892
2710
513
155
1960
234
1138
1246
1969
960
2210
1842
1471
933
1540
1003
2264
2353
2670
2447
1982
786
1886
687
151
1926
2340
254
2173
1967
2172
1835
480
2158
1682
2602
2248
1867
926
1721
1030
1731
242
1573
2093
964
1506
1501
17
400
2528
1406
432
949
2050
472
1045
380
775
102
797
113
1595
2121
178
874
429
2599
2380
1619
2361
1174
169
2652
815
2642
2662
1488
1279
488
2060
2113
294
578
1917
482
1925
1267
2367
313
2561
492
717
2568
2330
360
1585
2489
1502
633
2275
2538
462
1254
925
118
410
1958
1994
1195
1062
405
299
692
162
2013
1690
543
1823
233
984
1040
2190
1782
982
1091
1897
915
1023
1154
356
2061
956
2082
2152
1070
1715
922
2259
228
1233
939
2269
89
800
1319
1708
334
813
731
2394
1702
976
1839
1451
3
1694
2131
1383
1630
1497
2225
2146
1861
1202
705
1527
1727
1217
743
1012
2250
586
1650
669
1165
778
2052
1636
1455
573
454
1670
193
2709
688
1479
220
150
1249
533
2137
2202
417
2504
2045
663
2618
1490
1916
1100
2657
2101
185
2604
261
2687
342
2205
613
195
2658
652
413
1405
2479
82
1318
1776
1856
2132
2462
1142
1953
1985
1795
2583
2478
1411
1221
1272
137
987
1753
768
2456
30
600
66
273
2653
142
863
1176
1016
325
1005
714
1491
147
2682
74
1147
2333
1213
422
594
470
336
710
1050
1788
2473
955
2174
1848
703
486
2033
2184
819
2019
1021
914
1289
86
943
1265
19
2107
2280
2560
2039
1874
2387
649
1831
2212
2215
1858
2355
1966
827
2603
419
992
81
1353
2134
1130
2118
1720
1044
1066
1244
848
2448
2510
477
292
2444
873
929
1620
1400
1227
846
2454
1312
1915
2547
598
1717
2365
588
2006
456
1995
1617
1905
88
314
197
1600
1786
2321
1764
2298
2130
388
715
849
1340
450
1691
274
886
1459
1276
2646
744
171
439
25
1956
2395
1282
2638
204
629
632
2345
920
412
1256
1774
2255
2216
720
157
755
1979
248
1743
223
2412
1646
1965
1704
537
1394
524
857
391
1993
691
214
1420
771
674
2189
1020
2544
719
2406
438
942
2245
326
903
2183
1931
2314
1382
2091
1545
622
1984
348
733
1846
352
532
1039
1778
1748
753
2678
101
1398
1613
378
434
1391
2414
1434
962
1115
1025
894
2295
1335
718
746
1300
860
658
1656
421
1988
2443
1830
122
726
99
140
835
1343
367
839
15
785
1567
340
1072
795
1945
1598
1484
2641
958
562
1652
1986
2149
2282
2402
2667
644
1821
536
1689
969
2203
1496
579
2437
1961
289
2069
1284
1972
2058
2352
793
1688
1443
1399
2564
2619
2475
443
1280
1232
2310
2455
1558
535
2031
58
347
1118
2391
655
1719
502
2169
1183
149
1261
154
1096
1009
303
556
1822
1843
2452
1290
278
1955
1123
2001
98
1577
549
1762
2693
1447
1317
1169
1019
1404
209
304
153
552
979
695
2145
904
93
2317
2147
1266
1803
341
1001
1172
1863
1981
1924
2711
1740
465
188
2271
2272
1073
1819
2622
1706
2160
1015
978
754
230
1604
1431
1412
1811
53
1218
1667
2438
542
211
1668
2574
1739
1660
2422
547
1554
1334
296
2348
2692
1535
1315
189
2690
225
779
1712
145
2244
1658
1632
1643
836
2342
1884
192
1544
752
2702
357
2071
2557
1569
2590
859
218
1875
1241
924
802
2179
610
657
1849
1736
2400
2177
2362
1865
1163
739
1791
2700
1024
889
210
576
1472
1122
28
2596
1936
1321
124
1756
403
1911
2075
932
128
2161
164
1129
832
1494
2593
478
2351
1542
46
1593
1074
1336
1820
2114
1868
1768
738
1308
2526
176
1817
611
646
1548
2206
1477
565
2535
916
747
395
2343
919
129
2047
13
1017
2680
1403
2431
1441
1311
33
2283
2548
1079
2334
217
515
2023
457
2111
2254
1090
2428
1052
1563
1710
690
2435
1841
415
1666
460
51
1037
398
1555
732
528
1333
1954
87
423
745
2378
68
1935
2612
1833
2517
362
2493
2509
2170
256
167
959
575
1662
2570
2481
1709
2695
1674
1642
1661
2200
653
749
1509
1101
568
173
1707
2643
1438
1844
1759
1387
1364
163
2500
8
604
2103
2236
2115
1734
10
2043
741
1998
109
1047
2077
2344
1570
2377
961
1125
1143
1880
1732
1528
1105
322
2187
2649
891
1388
1370
2659
1428
1149
316
260
2579
878
1525
2356
1185
1503
27
1885
1949
1641
740
1948
1883
1828
483
1772
2301
980
1983
359
2223
1887
1675
1417
1927
2042
2220
1182
614
1296
696
564
2639
1957
851
1324
1789
1240
1837
2607
1904
1211
499
581
971
948
682
1987
1657
693
117
132
1669
1813
1888
2487
593
2369
2020
1467
1194
436
2339
245
2046
1110
509
232
1559
900
402
496
393
704
138
1004
1946
1426
1639
2016
1042
1008
67
161
2080
1378
1941
1520
2373
2276
871
69
1140
1664
1807
2415
2164
2010
1060
1592
1167
1458
784
686
1196
516
253
43
453
2192
1996
1076
656
277
1718
1933
1413
1258
444
2157
1367
1059
2499
1551
1187
1647
807
72
2660
967
1433
2292
1990
947
791
306
2186
2102
2313
783
517
2231
1547
751
1245
2332
1285
1088
1862
1469
1151
1763
134
1532
2513
877
2668
623
677
2645
108
527
1557
2598
1152
2004
172
409
1166
1464
2555
2256
1937
1223
607
1102
577
1901
339
2696
1442
1127
1634
2498
466
1683
1751
631
2053
1492
1356
1177
1452
619
1696
1075
2322
1703
2569
2051
2434
1109
1205
2532
1591
5
1796
308
9
2486
2515
1124
2005
141
2299
798
1212
1013
2453
1864
762
497
545
830
2503
473
1139
136
1871
1460
1164
2565
1173
1093
1137
1084
2609
765
1230
331
1929
247
2688
911
983
1515
2326
1359
2300
708
2482
2614
60
1380
988
237
838
440
660
1686
1201
18
1200
1423
2181
2430
2296
2166
1934
2563
788
291
2266
1108
1371
1029
285
2336
1390
2467
2606
1866
2514
582
2681
491
1760
2494
856
490
55
1226
1618
459
464
1716
595
2581
781
1342
541
2098
426
1106
767
1323
2030
1068
1615
2109
2350
1733
2480
659
1723
2464
2126
1048
1951
1338
876
1216
636
1095
2217
2287
1236
1298
1824
2247
808
1337
1322
485
651
2011
1010
560
737
999
427
1499
2505
550
2022
1307
2110
264
2416
706
1771
1248
1582
2315
2294
2637
241
2125
2651
1414
399
1051
806
2654
1531
1168
29
789
2588
1747
2410
2441
1028
1235
1744
2623
96
1395
1269
2364
951
1099
71
2024
1597
263
1057
2525
231
1374
804
2349
1092
1942
1612
332
908
2585
605
2015
1978
2249
1514
2000
311
890
21
2265
276
39
1779
392
1797
1392
1919
383
328
349
2636
763
2277
824
319
1855
2235
198
335
2545
1549
2032
986
1705
2191
1857
1588
1610
1980
2440
1825
2420
2442
2439
2542
505
479
2516
2449
1018
396
2178
2451
520
591
1461
675
1450
1581
2707
530
373
858
1997
1432
1250
1854
1197
207
2471
862
474
1903
1270
111
2640
825
2370
2232
1970
2669
2405
727
2566
840
160
1049
2120
2218
2429
1895
1685
2409
2233
1067
1565
1829
1623
1896
803
1361
144
414
1041
2595
748
1847
829
104
226
2424
2580
65
1475
2675
2029
590
1487
1416
1128
1214
1579
796
2180
2522
1624
639
2676
1699
1150
123
1271
1589
90
2079
120
2699
338
814
1170
1679
592
2316
216
1507
2026
621
2305
297
2267
1297
1622
887
1231
1077
2034
1314
1750
2270
787
1730
1386
1571
1421
1767
2648
312
1546
2252
1247
2582
896
2278
1061
2537
41
70
107
1330
1785
2228
1930
12
2124
381
965
722
1220
596
866
194
166
504
2384
1326
587
2290
389
1898
673
463
455
701
2685
2159
635
1348
2144
2063
927
570
2403
397
801
2237
1637
913
681
711
1672
1645
1242
1224
2214
1229
2211
243
183
468
1006
885
2701
26
2258
283
2153
1251
1671
991
1036
957
377
369
16
1519
1295
1262
2458
2108
616
1089
853
1914
2470
910
2324
1628
1486
1419
2571
495
995
1206
1738
114
222
1840
1687
645
1584
2035
305
2553
469
1349
642
2088
2243
2575
224
1275
148
792
115
901
869
1116
61
1773
2072
2432
487
330
249
1586
1603
1799
833
854
288
2401
2388
1345
563
1922
353
22
643
184
501
1827
1002
2586
1207
431
1175
648
723
777
584
1910
2284
998
1104
641
882
799
327
2163
315
2289
2085
662
630
1578
2171
0
822
1999
510
433
1510
42
2119
1286
62
508
2359
678
1011
143
758
1749
262
1596
2229
1204
44
912
2341
2127
1758
637
1701
168
529
2591
2302
1625
713
1189
1918
1365
1351
2469
73
376
2027
944
2262
2263
1080
298
1755
724
1384
1136
1913
828
2476
1352
1293
699
2694
293
734
1034
370
2123
2529
2007
1327
236
2629
2691
620
2398
823
275
627
2273
1893
2624
2376
1900
2620
970
1560
1255
2379
1745
2017
1086
1157
1113
2389
1653
1562
2240
2048
2497
177
246
1393
75
580
1522
1921
1120
1638
2209
2242
205
895
1735
368
2672
1801
2312
1160
1575
1805
200
2625
2417
24
85
782
1539
2562
1737
1114
867
1313
2239
1418
2427
811
1446
329
379
2705
1533
1148
1516
2534
1121
790
1273
1141
2558
534
1083
1444
1454
2495
